1.948E+14	0.9331	0
1.948E+14	0.9287	0
1.948E+14	0.9242	0
1.948E+14	0.9195	0
1.948E+14	0.9147	0
1.947E+14	0.9097	0
1.947E+14	0.9047	0
1.947E+14	0.8994	0
1.947E+14	0.8941	0
1.947E+14	0.8886	0
1.947E+14	0.883	0
1.947E+14	0.8773	0
1.947E+14	0.8714	0
1.946E+14	0.8655	0
1.946E+14	0.8593	0
1.946E+14	0.8531	0
1.946E+14	0.8468	0
1.946E+14	0.8403	0
1.946E+14	0.8337	0
1.946E+14	0.827	0
1.946E+14	0.8201	0
1.945E+14	0.8132	0
1.945E+14	0.8061	0
1.945E+14	0.7989	0
1.945E+14	0.7916	0
1.945E+14	0.7841	0
1.945E+14	0.7766	0
1.945E+14	0.7689	0
1.945E+14	0.7612	0
1.944E+14	0.7533	0
1.944E+14	0.7453	0
1.944E+14	0.7372	0
1.944E+14	0.729	0
1.944E+14	0.7207	0
1.944E+14	0.7123	0
1.944E+14	0.7038	0
1.944E+14	0.6952	0
1.943E+14	0.6865	0
1.943E+14	0.6777	0
1.943E+14	0.6688	0
1.943E+14	0.6598	0
1.943E+14	0.6507	0
1.943E+14	0.6415	0
1.943E+14	0.6322	0
1.943E+14	0.6228	0
1.942E+14	0.6134	0
1.942E+14	0.6038	0
1.942E+14	0.5942	0
1.942E+14	0.5845	0
1.942E+14	0.5747	0
1.942E+14	0.5648	0
1.942E+14	0.5548	0
1.941E+14	0.5447	0
1.941E+14	0.5346	0
1.941E+14	0.5244	0
1.941E+14	0.5141	0
1.941E+14	0.5038	0
1.941E+14	0.4933	0
1.941E+14	0.4828	0
1.941E+14	0.4723	0
1.940E+14	0.4616	0
1.940E+14	0.4509	0
1.940E+14	0.4402	0
1.940E+14	0.4293	0
1.940E+14	0.4185	0
1.940E+14	0.4075	0
1.940E+14	0.3965	0
1.940E+14	0.3854	0
1.939E+14	0.3743	0
1.939E+14	0.3631	0
1.939E+14	0.3519	0
1.939E+14	0.3406	0
1.939E+14	0.3293	0
1.939E+14	0.318	0
1.939E+14	0.3065	0
1.939E+14	0.2951	0
1.938E+14	0.2836	0
1.938E+14	0.2721	0
1.938E+14	0.2605	0
1.938E+14	0.2489	0
1.938E+14	0.2372	0
1.938E+14	0.2255	0
1.938E+14	0.2138	0
1.938E+14	0.2021	0
1.937E+14	0.1903	0
1.937E+14	0.1785	0
1.937E+14	0.1667	0
1.937E+14	0.1548	0
1.937E+14	0.143	0
1.937E+14	0.1311	0
1.937E+14	0.1192	0
1.937E+14	0.1072	0
1.936E+14	0.0953	0
1.936E+14	0.0834	0
1.936E+14	0.0714	0
1.936E+14	0.0594	0
1.936E+14	0.0475	0
1.936E+14	0.0355	0
1.936E+14	0.0235	0
1.936E+14	0.0115	0
1.935E+14	0.0005	0
1.935E+14	0.0125	0
1.935E+14	0.0245	0
1.935E+14	0.0365	0
1.935E+14	0.0484	0
1.935E+14	0.0604	0
1.935E+14	0.0724	0
1.935E+14	0.0843	0
1.934E+14	0.0963	0
1.934E+14	0.1082	0
1.934E+14	0.1201	0
1.934E+14	0.132	0
1.934E+14	0.1438	0
1.934E+14	0.1557	0
1.934E+14	0.1675	0
1.934E+14	0.1793	0
1.933E+14	0.1911	0
1.933E+14	0.2028	0
1.933E+14	0.2145	0
1.933E+14	0.2262	0
1.933E+14	0.2378	0
1.933E+14	0.2495	0
1.933E+14	0.261	0
1.933E+14	0.2726	0
1.932E+14	0.2841	0
1.932E+14	0.2955	0
1.932E+14	0.3069	0
1.932E+14	0.3183	0
1.932E+14	0.3296	0
1.932E+14	0.3409	0
1.932E+14	0.3521	0
1.932E+14	0.3633	0
1.931E+14	0.3744	0
1.931E+14	0.3855	0
1.931E+14	0.3965	0
1.931E+14	0.4074	0
1.931E+14	0.4183	0
1.931E+14	0.4292	0
1.931E+14	0.4399	0
1.931E+14	0.4506	0
1.931E+14	0.4613	0
1.930E+14	0.4719	0
1.930E+14	0.4824	0
1.930E+14	0.4928	0
1.930E+14	0.5032	0
1.930E+14	0.5135	0
1.930E+14	0.5237	0
1.930E+14	0.5338	0
1.930E+14	0.5439	0
1.929E+14	0.5539	0
1.929E+14	0.5638	0
1.929E+14	0.5736	0
1.929E+14	0.5834	0
1.929E+14	0.593	0
1.929E+14	0.6026	0
1.929E+14	0.6121	0
1.929E+14	0.6215	0
1.928E+14	0.6308	0
1.928E+14	0.64	0
1.928E+14	0.6491	0
1.928E+14	0.6582	0
1.928E+14	0.6671	0
1.928E+14	0.676	0
1.928E+14	0.6847	0
1.928E+14	0.6934	0
1.927E+14	0.7019	0
1.927E+14	0.7104	0
1.927E+14	0.7187	0
1.927E+14	0.727	0
1.927E+14	0.7351	0
1.927E+14	0.7431	0
1.927E+14	0.7511	0
1.927E+14	0.7589	0
1.926E+14	0.7666	0
1.926E+14	0.7742	0
1.926E+14	0.7817	0
1.926E+14	0.7891	0
1.926E+14	0.7963	0
1.926E+14	0.8035	0
1.926E+14	0.8105	0
1.926E+14	0.8175	0
1.925E+14	0.8243	0
1.925E+14	0.831	0
1.925E+14	0.8375	0
1.925E+14	0.844	0
1.925E+14	0.8503	0
1.925E+14	0.8565	0
1.925E+14	0.8626	0
1.925E+14	0.8686	0
1.924E+14	0.8744	0
1.924E+14	0.8801	0
1.924E+14	0.8857	0
1.924E+14	0.8912	0
1.924E+14	0.8965	0
1.924E+14	0.9018	0
1.924E+14	0.9068	0
1.924E+14	0.9118	0
1.923E+14	0.9166	0
1.923E+14	0.9213	0
1.923E+14	0.9259	0
1.923E+14	0.9303	0
